7
1
0
0
0
0
0
0
0
0
0
1
0
0
0
1
0
0
0
2
1
35
0
0
0
0
0
0
0
0
0
0
16
0
0
0
0
35
0
0
5
0
0
0
0
0
0
0
0
0
0
0
0
0
0
0
0
0
0
0
1
0
0
0
0
12
0
0
0
0
4
0
0
0
0
0
0
0
1
0
0
0
0
0
0
36
1
0
0
0
30
0
0
4
0
0
0
0
4
0
1
0
0
0
0
0
8
0
0
0
0
43
0
0
0
128
0
0
0
0
0
0
0
0
0
0
0
0
0
0
0
0
0
12
0
0
0
0
0
0
0
0
0
0
0
0
0
0
1
0
204
0
0
0
19
1
0
0
0
0
0
0
0
76
0
0
0
0
1
0
4
0
2
29
1
0
0
0
8
81
0
0
0
0
1
0
0
0
0
0
0
0
0
0
0
0
1
0
1
0
0
0
8
0
0
0
0
0
0
0
0
0
0
0
0
0
0
0
9
0
0
0
0
0
0
0
0
0
0
0
0
0
0
0
0
0
0
0
11
1
0
0
0
0
0
0
0
0
1
0
1
0
0
0
0
4
0
0
0
1
0
0
0
0
0
0
0
9
0
0
0
0
0
0
20
1
0
0
0
0
0
0
0
0
0
24
0
130
1
0
0
0
0
0
0
0
0
0
0
0
0
0
0
13581
0
0
0
0
0
70
0
0
0
0
0
0
0
0
0
0
0
0
0
1
0
0
0
0
0
0
1
0
0
0
0
0
0
0
1
3
0
0
0
0
0
0
0
0
0
1
0
0
0
0
0
0
1
0
0
0
0
0
0
0
4
0
0
0
0
0
1
0
0
0
0
0
0
0
0
1
0
0
0
0
0
0
1
0
0
14
0
0
0
0
31
0
0
0
0
0
0
0
0
0
0
87
0
0
0
0
0
0
0
0
0
0
0
0
0
0
0
0
0
34
0
0
0
0
0
0
0
0
0
0
2
0
0
0
0
0
0
0
0
0
0
0
0
0
0
9
0
0
0
0
0
0
0
0
1
0
0
0
0
0
0
0
0
0
0
5
0
0
0
0
0
0
0
0
0
0
3
0
0
0
0
0
0
0
0
0
2
15
0
0
0
0
14
0
0
0
0
0
1
0
0
1
1
6
0
0
0
2
0
0
1
0
0
0
0
0
0
0
0
11
0
0
0
19
0
0
2
1
1
0
0
2
1
0
0
11
0
0
0
0
0
0
0
0
0
2
0
0
0
0
0
0
0
0
0
0
0
0
19
0
0
0
0
0
0
0
0
0
0
0
0
0
0
0
2
0
1378
0
0
0
0
0
4
0
0
0
0
0
0
2
0
0
0
0
0
0
0
0
0
0
0
0
0
0
0
0
0
0
1
0
0
1
0
0
0
0
0
6
1
0
0
153
3
0
0
0
54
0
0
0
0
0
0
0
0
0
0
0
0
0
0
0
0
2
1
0
0
1
1
0
0
0
0
0
0
0
4
0
0
0
0
0
0
0
0
0
0
0
3
0
0
0
0
0
38
0
0
29
2
0
0
0
0
0
0
0
0
0
0
0
1
0
330
0
0
0
0
3
0
0
0
5
0
0
0
0
0
0
0
7
0
0
0
0
0
0
0
0
9
0
0
0
0
0
0
0
0
1
0
0
0
42
0
0
0
0
0
0
0
1
3
0
0
0
0
0
0
1
0
0
16
0
0
14
0
0
0
0
0
0
0
12
0
0
2
0
0
1
0
0
0
2
0
0
3
0
0
0
0
0
0
0
0
0
0
0
0
2
16
47
5
0
1
0
13583
0
1
0
0
0
0
0
0
0
0
0
0
0
0
0
3
1
0
0
0
0
0
6
0
0
0
0
0
0
0
0
0
0
0
0
30
0
0
0
0
1
0
1
4
0
0
0
0
0
0
0
0
0
0
0
0
0
0
0
0
0
0
0
0
5
0
0
7
53
0
0
0
0
0
0
1
0
0
0
0
0
0
0
1
0
0
0
0
0
0
0
1
0
0
0
0
0
0
0
1
0
10
0
0
0
0
2
0
0
0
0
0
0
0
0
0
0
0
0
0
0
0
0
0
0
0
0
0
0
0
0
0
0
0
0
0
0
0
0
0
0
0
3
0
0
0
0
0
1
0
0
0
3
0
2
0
0
0
0
0
0
0
0
0
0
0
329
4
0
0
0
0
0
0
0
0
0
0
0
1
1
0
0
0
0
0
0
0
0
0
0
0
0
0
0
0
0
0
0
0
0
